1326150000  1.26799
1326236400  1.27690
1326322800  1.27717
1326409200  1.27087
1326495600  1.28145
1326582000  1.26417
1326668400  1.26497
1326754800  1.27404
1326841200  1.28531
1326927600  1.29671
1327014000  1.28805
1327100400  1.30141
1327186800  1.30313
1327273200  1.31006
1327359600  1.31049
1327446000  1.32140
1327532400  1.31407
1327618800  1.30903
1327705200  1.31696
1327791600  1.31457
1327878000  1.31249
1327964400  1.31246
1328050800  1.32617
1328137200  1.32506
1328223600  1.32851
1328310000  1.32399
1328396400  1.31730
1328482800  1.31283
1328569200  1.30592
1328655600  1.31312
1328742000  1.32036
1328828400  1.32341
1328914800  1.32317
1329001200  1.32476
1329087600  1.33725
1329174000  1.34599
1329260400  1.33943
1329346800  1.34579
1329433200  1.33243
1329519600  1.33164
1329606000  1.31960
1329692400  1.32151
1329778800  1.31157
1329865200  1.31509
1329951600  1.32749
1330038000  1.31167
1330124400  1.31554
1330210800  1.30827
1330297200  1.30307
1330383600  1.30713
1330470000  1.31804
1330556400  1.32341
1330642800  1.32296
1330729200  1.32128
1330815600  1.31989